year,turn,r1,r2,r3,r4,r5,r6,b
3,1,10,11,12,13,26,28,11
3,2,04,09,19,20,21,26,12
3,3,01,07,10,23,28,32,16
3,4,04,06,07,10,13,25,03
3,5,04,06,15,17,30,31,16
3,6,01,03,10,21,26,27,06
3,7,01,09,19,21,23,26,07
3,8,05,08,09,14,17,23,08
3,9,05,09,18,20,22,30,09
3,10,01,02,08,13,17,24,13
3,11,04,05,11,12,30,32,15
3,12,02,12,16,17,27,30,12
3,13,08,13,17,21,23,32,12
3,14,03,05,07,08,21,31,02
3,15,04,11,19,25,26,32,13
3,16,11,17,28,30,31,33,06
3,17,05,08,18,23,25,31,06
3,18,05,16,19,20,25,28,13
3,19,04,08,12,13,16,33,09
3,20,07,10,25,26,27,32,04
3,21,14,15,18,25,26,30,01
3,22,02,07,11,12,14,32,08
3,23,01,10,20,22,26,31,02
3,24,02,07,15,17,22,30,14
3,25,01,05,11,13,14,27,12
3,26,08,13,15,26,29,31,16
3,27,01,11,14,17,27,28,15
3,28,06,13,16,20,28,32,07
3,29,02,07,15,26,29,32,10
3,30,02,06,13,14,23,27,07
3,31,11,17,20,22,28,32,01
3,32,04,11,25,27,29,30,13
3,33,01,07,14,20,27,30,10
3,34,08,13,14,16,23,25,14
3,35,03,04,05,08,10,11,08
3,36,07,21,24,25,27,28,15
3,37,09,14,17,18,26,32,07
3,38,05,07,08,24,25,27,16
3,39,03,05,23,24,27,32,03
3,40,04,05,06,12,14,23,16
3,41,02,03,17,18,24,25,11
3,42,03,05,07,10,15,20,07
3,43,02,08,10,19,20,32,13
3,44,02,05,09,16,32,33,15
3,45,03,07,14,15,17,32,03
3,46,07,08,10,11,17,26,11
3,47,03,17,26,28,32,33,16
3,48,10,12,20,28,30,31,09
3,49,03,06,07,13,24,25,15
3,50,02,08,17,23,24,26,13
3,51,04,13,15,17,24,27,01
3,52,01,12,13,23,30,31,11
3,53,15,19,20,21,28,29,13
3,54,02,05,09,21,31,33,12
3,55,06,13,16,21,28,31,16
3,56,08,17,21,26,28,29,07
3,57,18,19,24,25,30,31,16
3,58,09,11,16,28,32,33,02
3,59,02,03,05,06,18,30,04
3,60,02,04,06,17,21,28,11
3,61,03,05,20,21,28,32,02
3,62,01,06,12,19,20,32,14
3,63,05,08,09,14,21,33,11
3,64,04,06,08,12,15,30,01
3,65,06,15,16,17,30,33,11
3,66,03,07,08,20,24,32,14
3,67,05,11,12,13,27,31,10
3,68,09,19,25,27,32,33,11
3,69,07,11,16,19,26,28,11
3,70,01,02,04,17,18,19,08
3,71,09,11,12,14,15,33,11
3,72,03,06,08,11,19,27,11
3,73,02,12,14,21,23,30,13
3,74,02,12,19,22,27,32,01
3,75,16,17,19,22,31,33,11
3,76,01,13,16,18,20,29,02
3,77,04,12,16,22,24,25,06
3,78,07,12,23,26,29,30,11
3,79,12,15,22,23,26,31,04
3,80,09,20,24,25,28,30,10
3,81,01,02,14,26,29,30,07
3,82,07,17,18,19,30,31,14
3,83,01,03,14,18,26,28,01
3,84,02,06,07,10,17,33,03
3,85,01,04,11,12,19,27,14
3,86,05,12,16,18,26,30,13
3,87,02,03,04,05,24,28,13
3,88,03,10,21,22,24,33,12
3,89,18,19,21,26,27,33,16
4,1,01,02,03,07,10,25,07
4,2,10,12,18,22,30,31,11
4,3,03,05,06,17,26,33,08
4,4,10,19,22,23,25,29,09
4,5,09,11,13,16,17,18,07
4,6,04,12,18,20,23,32,06
4,7,04,12,17,20,25,28,09
4,8,01,07,10,22,32,33,13
4,9,01,09,10,16,22,24,11
4,10,06,07,08,13,14,19,15
4,11,01,04,13,23,28,30,03
4,12,01,07,27,30,31,33,08
4,13,12,14,21,29,30,32,13
4,14,03,07,11,17,20,26,12
4,15,01,03,05,18,22,23,13
4,16,04,07,08,28,30,32,05
4,17,05,12,14,15,25,31,09
4,18,02,05,06,08,28,30,06
4,19,05,10,11,23,24,32,04
4,20,01,02,09,22,28,31,04
4,21,05,09,11,17,26,27,10
4,22,03,10,14,19,20,30,06
4,23,01,08,14,17,19,30,03
4,24,01,13,21,23,25,32,06
4,25,07,08,10,24,29,33,04
4,26,04,10,14,18,28,32,15
4,27,01,05,09,10,18,32,11
4,28,01,02,03,05,10,22,12
4,29,09,13,20,22,24,32,05
4,30,01,07,09,17,26,31,05
4,31,03,06,19,20,21,24,11
4,32,02,05,08,11,15,31,13
4,33,01,04,08,09,19,20,01
4,34,02,07,13,20,27,30,14
4,35,02,08,26,27,30,32,16
4,36,02,13,17,18,26,30,01
4,37,03,04,11,17,20,26,05
4,38,11,16,17,25,28,29,07
4,39,10,16,18,25,26,29,03
4,40,07,17,19,20,21,29,11
4,41,08,10,17,22,25,29,14
4,42,06,10,13,17,18,21,02
4,43,04,09,10,21,22,24,10
4,44,02,06,07,12,31,32,05
4,45,01,12,18,26,27,28,13
4,46,07,15,16,22,23,32,14
4,47,01,07,08,11,27,31,06
4,48,08,09,11,16,17,29,09
4,49,11,12,14,16,25,29,09
4,50,06,07,19,21,25,29,02
4,51,02,03,09,10,15,29,11
4,52,01,12,14,15,17,29,09
4,53,02,03,04,09,24,25,02
4,54,09,11,14,16,27,28,11
4,55,06,08,19,25,29,32,07
4,56,01,20,21,25,29,30,02
4,57,05,21,23,25,28,32,04
4,58,01,08,11,12,27,31,12
4,59,04,07,11,19,23,26,10
4,60,03,05,11,24,27,28,15
4,61,13,16,19,20,23,33,09
4,62,01,12,25,27,28,29,13
4,63,07,10,13,16,27,28,07
4,64,14,15,18,20,27,31,04
4,65,13,14,27,29,32,33,08
4,66,05,13,20,23,24,25,03
4,67,01,06,07,13,16,32,04
4,68,02,08,11,13,24,31,15
4,69,02,11,15,20,22,29,05
4,70,10,12,21,22,30,33,06
4,71,03,08,16,17,21,29,06
4,72,08,15,18,28,30,33,14
4,73,02,07,13,16,23,28,16
4,74,05,06,15,19,26,29,13
4,75,07,18,21,26,27,28,07
4,76,03,05,13,17,25,31,07
4,77,08,09,10,14,16,26,07
4,78,04,05,10,21,24,26,05
4,79,07,13,14,17,19,30,03
4,80,03,08,20,23,24,26,16
4,81,03,05,21,24,27,32,06
4,82,03,20,24,27,29,30,15
4,83,14,16,27,28,30,33,06
4,84,01,04,08,11,21,25,14
4,85,03,08,11,29,30,32,01
4,86,10,13,18,19,25,27,01
4,87,01,03,07,08,25,26,14
4,88,02,10,19,22,24,32,14
4,89,14,17,20,25,28,30,14
4,90,01,18,20,24,32,33,12
4,91,09,13,14,21,30,33,01
4,92,01,04,08,13,28,31,02
4,93,11,14,20,27,32,33,05
4,94,05,09,10,13,24,25,08
4,95,19,22,27,28,30,32,01
4,96,01,04,12,16,20,30,15
4,97,10,19,20,26,29,31,14
4,98,03,12,13,25,26,31,03
4,99,05,10,21,22,26,33,02
4,100,06,08,09,14,24,33,15
4,101,02,09,14,19,25,26,15
4,102,03,09,12,15,28,32,01
4,103,02,03,05,09,16,21,02
4,104,07,11,17,18,24,29,05
4,105,07,09,10,21,23,30,12
4,106,10,15,23,26,28,29,12
4,107,01,08,12,13,18,20,07
4,108,08,13,14,27,28,31,12
4,109,06,08,10,17,30,31,14
4,110,14,19,20,21,22,31,11
4,111,11,16,18,20,26,31,02
4,112,09,13,15,21,26,33,06
4,113,08,10,23,25,31,32,07
4,114,01,06,09,17,21,22,01
4,115,02,16,20,30,31,33,01
4,116,01,03,05,08,14,33,03
4,117,01,03,07,14,24,25,07
4,118,03,04,07,12,30,31,15
4,119,06,09,18,20,25,33,06
4,120,07,08,18,21,27,32,10
4,121,07,13,16,18,30,32,10
4,122,03,11,14,22,24,31,15
5,1,01,07,08,23,27,28,14
5,2,06,09,20,26,28,33,14
5,3,09,12,15,19,22,31,16
5,4,01,04,08,09,22,23,03
5,5,05,09,20,26,28,33,15
5,6,02,04,05,15,21,31,16
5,7,07,15,17,20,23,33,15
5,8,11,19,22,27,32,33,11
5,9,02,17,22,27,29,31,14
5,10,08,10,11,18,25,26,01
5,11,09,11,13,15,22,30,15
5,12,02,03,06,16,22,31,05
5,13,07,08,16,19,20,24,06
5,14,13,19,21,23,30,32,05
5,15,04,08,09,16,17,29,15
5,16,01,05,06,12,16,30,15
5,17,02,06,10,25,27,31,03
5,18,01,03,06,22,23,25,06
5,19,06,11,12,13,19,22,08
5,20,14,16,19,20,25,29,05
5,21,02,06,24,26,30,31,16
5,22,08,10,12,21,32,33,04
5,23,10,15,19,20,21,25,12
5,24,05,09,14,27,31,32,13
5,25,01,07,10,11,13,32,07
5,26,06,12,14,20,25,26,07
5,27,01,03,04,06,21,32,15
5,28,04,09,22,25,26,32,10
5,29,02,14,21,22,27,30,14
5,30,01,05,09,14,22,28,05
5,31,04,10,16,20,23,32,07
5,32,05,15,19,20,25,29,03
5,33,07,08,12,14,19,20,07
5,34,05,17,18,25,28,32,09
5,35,12,16,21,28,29,30,14
5,36,12,19,20,21,26,31,15
5,37,07,12,14,22,24,32,16
5,38,04,07,11,20,27,28,16
5,39,02,16,18,19,21,29,09
5,40,01,12,21,24,30,32,13
5,41,02,11,16,23,24,29,03
5,42,11,16,21,26,27,30,15
5,43,04,05,06,07,08,32,05
5,44,01,06,16,17,18,22,09
5,45,01,07,10,15,18,20,10
5,46,09,16,18,20,22,24,05
5,47,02,03,05,07,08,27,15
5,48,06,07,08,10,16,28,02
5,49,02,03,08,10,25,27,12
5,50,02,09,12,20,26,32,13
5,51,03,06,14,19,20,21,02
5,52,01,02,14,17,30,32,01
5,53,04,07,10,14,27,29,09
5,54,05,13,17,18,21,29,14
5,55,05,20,22,30,32,33,09
5,56,12,17,19,27,29,31,09
5,57,05,06,10,15,30,31,13
5,58,04,06,10,21,25,26,10
5,59,07,11,14,18,24,29,07
5,60,09,12,21,25,31,33,13
5,61,05,09,14,21,23,24,01
5,62,02,07,11,12,20,23,07
5,63,02,11,13,18,22,30,04
5,64,10,18,23,27,30,32,08
5,65,12,16,17,21,22,23,16
5,66,02,04,10,11,25,28,05
5,67,03,12,16,20,21,26,16
5,68,01,08,10,13,25,33,13
5,69,07,09,21,24,31,33,12
5,70,03,04,08,14,16,26,04
5,71,04,08,12,14,16,22,10
5,72,06,10,19,20,24,33,11
5,73,01,06,08,09,18,20,01
5,74,06,09,18,20,26,29,09
5,75,11,13,14,16,18,31,14
5,76,04,09,11,22,25,28,13
5,77,08,17,22,24,32,33,16
5,78,03,11,15,20,26,32,11
5,79,03,09,20,24,25,28,05
5,80,01,12,14,26,27,32,16
5,81,02,04,10,12,26,30,03
5,82,01,07,11,14,19,20,12
5,83,03,05,09,14,16,30,13
5,84,01,02,07,15,19,20,03
5,85,08,09,13,14,20,22,12
5,86,07,11,12,24,27,29,12
5,87,08,09,15,16,23,26,08
5,88,01,03,07,18,20,24,07
5,89,05,19,20,23,26,31,12
5,90,01,09,21,25,29,32,03
5,91,01,11,12,15,26,27,13
5,92,08,13,19,26,28,31,10
5,93,04,06,17,23,25,29,14
5,94,03,05,09,23,27,33,03
5,95,09,12,18,21,28,29,05
5,96,04,05,17,18,26,33,04
5,97,05,10,23,27,28,30,15
5,98,12,15,19,22,31,33,01
5,99,10,13,16,22,24,31,09
5,100,02,04,09,14,16,31,03
5,101,09,16,19,21,22,24,12
5,102,02,05,06,14,24,31,12
5,103,04,07,16,18,23,30,07
5,104,02,04,21,23,30,33,09
5,105,04,15,23,30,32,33,03
5,106,01,11,13,24,26,31,13
5,107,09,10,20,24,25,26,11
5,108,03,10,12,24,29,30,06
5,109,03,05,13,15,17,31,04
5,110,07,10,16,19,24,25,09
5,111,03,07,15,16,19,29,09
5,112,04,12,22,28,29,30,16
5,113,15,18,20,22,26,27,03
5,114,06,07,10,15,21,27,06
5,115,03,12,18,23,30,33,02
5,116,04,06,08,14,15,30,10
5,117,06,17,22,27,28,32,03
5,118,04,09,12,15,26,31,16
5,119,01,07,11,18,20,22,02
5,120,01,06,13,18,30,32,14
5,121,01,07,20,25,31,32,12
5,122,01,04,07,14,30,32,09
5,123,11,12,13,17,18,25,07
5,124,05,06,10,19,31,33,11
5,125,06,14,18,28,31,32,03
5,126,02,08,13,19,25,26,09
5,127,04,06,11,14,23,25,12
5,128,02,04,14,23,29,33,15
5,129,05,10,14,20,27,33,03
5,130,03,05,09,15,20,25,16
5,131,02,07,10,11,12,24,03
5,132,02,04,10,18,27,29,15
5,133,01,07,14,16,18,25,11
5,134,04,13,14,18,26,30,01
5,135,01,05,13,15,21,25,11
5,136,05,14,16,18,25,27,13
5,137,03,09,15,23,25,33,12
5,138,03,05,06,11,20,22,13
5,139,02,07,20,23,32,33,10
5,140,04,06,07,08,12,17,07
5,141,03,05,08,12,16,19,15
5,142,07,10,12,17,22,29,05
5,143,03,10,15,17,20,32,08
5,144,01,08,14,15,19,27,09
5,145,03,07,08,17,20,28,15
5,146,07,11,19,20,24,28,02
5,147,06,07,15,27,28,30,10
5,148,03,15,17,23,24,29,13
5,149,11,16,21,23,25,32,07
5,150,03,07,10,14,18,20,02
5,151,04,11,12,13,19,30,05
5,152,01,05,12,14,21,27,03
5,153,04,05,07,21,26,29,01
6,1,01,12,15,19,21,28,03
6,2,07,13,16,21,26,28,09
6,3,02,04,05,06,16,20,12
6,4,04,08,17,27,28,31,07
6,5,03,19,20,24,26,27,11
6,6,08,21,22,23,26,32,14
6,7,04,16,18,27,32,33,07
6,8,03,05,09,18,28,32,16
6,9,05,06,08,20,26,30,06
6,10,04,06,12,19,27,29,08
6,11,05,07,08,14,27,31,11
6,12,09,11,13,27,31,33,10
6,13,01,05,06,12,16,21,11
6,14,06,14,26,29,32,33,07
6,15,02,03,09,15,29,32,03
6,16,01,07,13,17,23,30,16
6,17,03,04,08,31,32,33,02
6,18,01,13,14,17,24,26,05
6,19,04,06,13,22,26,32,07
6,20,05,09,21,23,26,29,06
6,21,01,02,05,20,21,22,09
6,22,02,03,04,13,16,27,13
6,23,04,13,14,19,23,28,08
6,24,02,07,09,11,21,27,06
6,25,03,04,17,19,24,32,05
6,26,01,02,18,22,29,32,03
6,27,06,08,11,14,16,27,15
6,28,05,07,14,16,17,27,04
6,29,03,04,07,09,14,19,08
6,30,08,13,15,17,20,32,14
6,31,03,10,12,16,31,32,14
6,32,05,18,20,24,26,31,09
6,33,15,20,22,23,27,31,06
6,34,02,10,15,16,17,33,13
6,35,03,09,13,21,27,29,13
6,36,04,07,10,16,17,21,09
6,37,02,12,23,24,25,32,14
6,38,02,14,17,19,22,30,10
6,39,16,19,22,28,31,32,03
6,40,15,22,25,26,28,33,03
6,41,03,10,16,18,21,28,04
6,42,03,16,23,26,28,31,11
6,43,05,12,13,16,23,32,03
6,44,02,10,18,21,30,31,05
6,45,06,07,10,14,20,21,04
6,46,13,18,23,29,31,32,08
6,47,02,17,20,22,28,32,03
6,48,09,13,19,25,29,32,12
6,49,06,10,12,13,17,20,03
6,50,02,06,12,15,25,31,07
6,51,02,06,07,17,27,30,16
6,52,11,24,26,27,30,32,03
6,53,01,11,17,27,28,31,02
6,54,03,05,07,10,28,30,04
6,55,04,05,28,29,31,33,11
6,56,11,13,15,21,23,25,08
6,57,03,04,17,18,21,31,08
6,58,01,12,22,23,24,25,14
6,59,05,10,15,17,27,29,11
6,60,05,15,19,23,30,32,14
6,61,05,13,17,19,25,30,11
6,62,18,22,23,24,26,30,01
6,63,04,05,15,21,23,24,08
6,64,03,12,14,21,24,28,11
6,65,04,08,17,28,29,30,13
6,66,06,08,11,18,30,33,05
6,67,07,08,11,16,17,24,13
6,68,03,07,10,14,30,33,10
6,69,05,16,20,22,29,30,08
6,70,02,03,11,13,20,27,02
6,71,05,11,12,19,29,31,01
6,72,02,03,05,20,21,24,08
6,73,05,13,16,18,27,29,12
6,74,01,03,15,19,25,33,04
6,75,10,21,22,23,25,33,11
6,76,04,10,17,21,29,32,14
6,77,08,09,12,13,19,33,09
6,78,03,05,17,22,31,33,12
6,79,06,11,13,17,20,32,08
6,80,15,17,20,22,26,29,09
6,81,14,16,18,21,22,32,04
6,82,03,13,15,23,28,29,09
6,83,07,09,18,19,26,29,10
6,84,01,12,17,21,25,28,12
6,85,02,06,18,21,24,25,08
6,86,04,06,10,24,26,31,06
6,87,04,05,08,09,12,30,05
6,88,03,11,20,24,25,26,01
6,89,01,13,16,18,19,22,01
6,90,02,11,15,20,23,29,11
6,91,07,08,12,21,22,24,07
6,92,02,08,11,16,20,21,14
6,93,02,12,16,18,19,23,05
6,94,15,16,17,18,24,33,13
6,95,01,03,17,20,21,29,16
6,96,01,05,09,13,18,33,14
6,97,11,14,15,20,26,27,12
6,98,06,07,10,11,18,23,16
6,99,09,12,18,23,24,27,05
6,100,01,11,18,26,30,32,03
6,101,09,12,20,26,27,28,16
6,102,01,04,13,19,20,24,11
6,103,12,14,15,25,28,31,06
6,104,03,07,22,27,28,31,11
6,105,05,12,14,15,20,31,01
6,106,02,12,14,19,28,33,10
6,107,01,06,08,13,17,30,07
6,108,02,06,08,20,24,30,09
6,109,01,05,17,18,23,26,13
6,110,09,12,14,18,27,33,13
6,111,01,08,11,16,17,22,15
6,112,04,09,13,15,31,33,11
6,113,05,14,17,18,28,33,02
6,114,08,10,14,20,27,29,16
6,115,01,10,20,26,28,29,15
6,116,05,16,21,22,32,33,09
6,117,06,14,20,22,23,26,09
6,118,01,03,07,08,10,30,05
6,119,01,02,14,20,27,30,02
6,120,06,08,14,15,24,33,09
6,121,03,04,06,27,31,33,06
6,122,04,05,06,08,22,24,03
6,123,02,03,20,25,28,32,06
6,124,12,13,14,18,31,32,13
6,125,15,19,23,30,32,33,06
6,126,02,08,13,16,24,33,09
6,127,03,04,11,17,19,30,01
6,128,04,15,21,30,31,33,05
6,129,09,14,18,22,27,29,12
6,130,01,12,21,22,30,32,02
6,131,03,04,09,22,26,33,01
6,132,06,14,22,26,30,33,01
6,133,04,06,20,25,29,31,03
6,134,10,13,18,26,28,30,12
6,135,04,19,21,22,23,31,04
6,136,11,15,17,21,22,24,05
6,137,10,14,17,21,27,31,09
6,138,04,09,11,17,18,26,08
6,139,07,08,14,21,23,25,05
6,140,01,08,11,18,19,23,05
6,141,16,18,22,23,25,31,11
6,142,10,16,19,22,26,27,16
6,143,01,15,20,29,31,32,08
6,144,04,10,13,16,22,29,06
6,145,02,07,23,26,28,31,07
6,146,03,09,13,23,28,30,05
6,147,01,04,15,17,27,31,01
6,148,04,08,12,13,23,29,01
6,149,02,03,05,11,15,32,15
6,150,08,09,12,18,25,27,12
6,151,01,03,04,06,16,22,08
6,152,01,14,20,25,27,31,15
6,153,01,07,11,20,30,33,10
6,154,07,14,18,20,30,33,13
7,1,02,04,09,10,20,26,14
7,2,05,06,14,20,21,22,01
7,3,05,09,11,12,22,27,15
7,4,03,07,10,13,25,33,10
7,5,01,05,06,16,24,30,12
7,6,06,10,14,22,26,27,11
7,7,04,12,15,17,22,32,14
7,8,01,04,05,18,19,25,10
7,9,02,04,14,15,25,27,15
7,10,03,08,14,17,30,32,05
7,11,03,10,15,25,28,33,16
7,12,03,05,07,21,26,28,04
7,13,05,15,18,27,29,32,05
7,14,01,13,16,20,24,26,09
7,15,03,04,08,18,22,30,15
7,16,01,18,20,22,26,33,05
7,17,05,09,10,24,25,32,14
7,18,01,12,18,20,21,26,11
7,19,04,11,16,23,29,31,14
7,20,05,10,16,20,28,31,14
7,21,03,06,09,11,25,31,13
7,22,02,04,07,10,18,27,10
7,23,03,07,13,17,32,33,02
7,24,08,09,17,25,27,32,06
7,25,03,16,18,22,23,26,03
7,26,01,04,14,16,26,29,10
7,27,02,03,09,22,24,27,11
7,28,03,08,13,20,29,30,11
7,29,06,08,09,11,19,21,10
7,30,03,16,21,22,27,30,04
7,31,04,06,10,12,19,31,01
7,32,04,08,16,24,30,32,16
7,33,03,04,11,17,18,28,09
7,34,02,09,12,14,23,25,16
7,35,01,04,08,12,29,31,06
7,36,03,14,21,23,30,31,10
7,37,10,11,16,23,31,33,16
7,38,03,11,14,19,21,30,05
7,39,06,07,19,24,27,29,01
7,40,13,14,15,19,24,30,10
7,41,01,03,09,11,26,31,12
7,42,03,13,16,19,32,33,08
7,43,03,08,10,11,14,30,05
7,44,09,13,20,21,24,32,08
7,45,01,12,18,21,28,30,10
7,46,02,06,07,09,19,26,14
7,47,02,04,16,18,23,30,06
7,48,02,11,12,15,17,28,12
7,49,04,14,18,19,31,33,02
7,50,01,05,08,13,18,25,02
7,51,03,14,16,26,27,33,13
7,52,02,03,07,08,26,29,07
7,53,10,13,16,17,18,27,11
7,54,01,03,16,18,23,28,05
7,55,02,06,11,22,28,29,02
7,56,14,17,21,29,31,32,12
7,57,05,11,18,19,20,21,09
7,58,07,08,10,13,25,27,07
7,59,01,03,04,06,07,29,14
7,60,01,02,08,16,19,29,05
7,61,01,06,07,11,20,23,05
7,62,08,17,20,29,30,33,09
7,63,10,15,17,24,26,28,12
7,64,02,06,09,16,21,23,16
7,65,04,07,19,21,25,31,07
7,66,05,11,16,24,32,33,08
7,67,06,11,13,17,21,23,11
7,68,11,18,19,22,23,28,01
7,69,03,04,11,12,14,32,12
7,70,06,08,15,17,18,30,12
7,71,01,06,14,21,30,31,09
7,72,02,04,08,13,14,33,16
7,73,05,09,11,19,28,31,02
7,74,08,13,15,25,27,28,03
7,75,13,16,17,22,30,32,03
7,76,06,12,15,16,20,31,02
7,77,06,08,14,21,28,29,02
7,78,04,06,07,23,25,32,01
7,79,03,04,14,20,21,25,14
7,80,01,08,16,18,19,29,04
7,81,09,14,15,19,24,33,13
7,82,05,15,17,18,25,32,15
7,83,11,14,18,20,21,26,05
7,84,06,10,12,14,20,27,10
7,85,02,12,17,19,29,30,12
7,86,05,08,14,22,27,29,16
7,87,01,03,04,05,08,21,09
7,88,02,04,10,28,29,33,06
7,89,03,07,08,15,19,28,03
7,90,05,11,13,27,30,31,02
7,91,02,11,17,30,31,32,07
7,92,14,18,22,23,24,33,09
7,93,05,10,13,15,19,29,02
7,94,03,05,18,19,24,32,02
7,95,01,06,08,18,29,32,07
7,96,09,10,20,22,30,32,08
7,97,04,08,13,18,26,30,11
7,98,02,03,05,11,19,20,12
7,99,03,04,14,27,31,33,05
7,100,08,18,27,29,30,32,06
7,101,15,16,18,21,22,30,14
7,102,04,06,08,18,20,33,11
7,103,07,09,25,27,30,32,01
7,104,02,08,12,14,20,32,04
7,105,02,07,10,17,23,29,14
7,106,12,18,21,24,25,29,08
7,107,02,08,09,18,24,28,10
7,108,03,07,12,13,20,33,02
7,109,01,04,07,08,13,14,04
7,110,02,04,07,15,24,28,03
7,111,02,09,10,12,13,17,11
7,112,07,11,14,16,25,32,11
7,113,04,18,23,25,26,31,10
7,114,05,12,15,24,27,33,05
7,115,01,05,10,16,20,26,02
7,116,03,05,07,11,17,27,13
7,117,03,07,09,10,26,32,01
7,118,04,10,16,18,25,32,15
7,119,03,08,11,13,25,31,12
7,120,06,07,11,12,18,25,01
7,121,03,10,21,22,27,28,06
7,122,04,07,19,24,26,32,09
7,123,01,13,15,23,28,32,02
7,124,03,07,13,16,19,32,16
7,125,03,05,18,20,27,33,01
7,126,09,10,19,23,26,31,09
7,127,06,09,13,16,24,28,11
7,128,09,10,19,21,27,31,05
7,129,05,07,20,21,22,30,08
7,130,03,05,09,11,27,31,04
7,131,03,05,07,16,22,27,05
7,132,01,09,16,21,22,23,05
7,133,03,06,07,11,13,33,10
7,134,01,04,10,13,18,25,15
7,135,01,11,16,26,31,33,16
7,136,01,02,18,21,25,29,14
7,137,03,07,08,18,20,22,03
7,138,02,03,15,17,19,25,16
7,139,06,10,12,14,16,22,06
7,140,01,05,16,21,22,26,11
7,141,02,03,04,06,17,31,08
7,142,11,20,25,26,27,30,08
7,143,01,06,22,23,24,26,04
7,144,08,14,23,25,28,32,16
7,145,08,09,11,12,25,31,11
7,146,04,18,22,24,26,30,09
7,147,03,07,18,24,26,27,04
7,148,03,09,16,17,23,28,07
7,149,01,17,19,22,28,30,03
7,150,03,05,11,13,19,24,05
7,151,01,06,10,11,23,25,02
7,152,11,17,21,29,30,33,08
7,153,01,04,19,20,25,31,15
8,1,02,04,07,09,14,29,03
8,2,03,04,18,22,25,29,09
8,3,06,08,11,13,17,19,12
8,4,04,08,22,23,27,29,08
8,5,03,05,15,22,24,25,15
8,6,01,14,16,18,22,27,14
8,7,01,13,17,22,23,30,11
8,8,02,15,16,23,26,27,07
8,9,09,21,29,30,31,32,16
8,10,03,08,11,17,21,27,09
8,11,02,14,17,21,30,32,03
8,12,03,04,05,16,20,30,13
8,13,02,08,15,16,22,28,10
8,14,03,09,11,17,21,31,14
8,15,06,08,11,16,29,33,03
8,16,03,12,14,21,29,33,13
8,17,02,05,07,17,20,22,02
8,18,02,05,06,23,26,33,13
8,19,02,09,11,17,27,31,05
8,20,03,10,13,15,28,30,03
8,21,09,12,19,20,26,28,15
8,22,12,18,20,24,28,32,05
8,23,08,16,18,25,26,32,02
8,24,11,20,21,26,28,30,13
8,25,08,16,17,18,19,21,14
8,26,05,17,19,27,29,32,03
8,27,15,18,19,23,24,26,13
8,28,01,13,21,26,29,32,10
8,29,01,09,14,22,29,32,12
8,30,06,15,18,19,20,28,11
8,31,03,06,11,15,21,31,13
8,32,05,14,16,21,23,28,13
8,33,12,17,18,30,31,33,04
8,34,03,05,09,11,21,29,09
8,35,07,11,14,17,18,29,16
8,36,02,06,13,18,23,28,16
8,37,01,12,22,24,28,31,06
8,38,03,09,10,11,15,19,13
8,39,01,07,10,13,22,29,01
8,40,06,13,22,25,27,28,09
8,41,08,11,20,22,23,27,04
8,42,03,04,09,11,12,24,01
8,43,03,10,16,22,27,33,14
8,44,05,07,09,20,26,29,09
8,45,01,10,13,21,29,32,04
8,46,15,16,18,24,28,33,15
8,47,09,12,13,14,20,22,10
8,48,11,18,21,27,30,32,01
8,49,03,10,12,13,19,25,04
8,50,01,11,19,24,26,27,03
8,51,01,04,08,10,13,33,11
8,52,02,10,17,23,29,31,10
8,53,06,12,19,20,21,27,04
8,54,02,06,16,17,20,25,07
8,55,11,16,19,23,26,31,04
8,56,08,13,22,23,25,30,07
8,57,19,20,21,26,28,30,08
8,58,01,12,21,27,29,31,11
8,59,02,06,15,29,31,32,16
8,60,06,07,08,17,30,32,03
8,61,01,02,05,12,26,31,06
8,62,06,08,13,17,24,27,15
8,63,05,09,11,14,16,17,15
8,64,01,02,07,09,12,18,12
8,65,05,13,15,19,30,31,05
8,66,07,12,21,22,29,30,08
8,67,10,11,15,19,26,33,13
8,68,05,07,17,23,27,29,07
8,69,05,08,17,20,26,30,10
8,70,05,06,12,15,18,33,13
8,71,01,06,21,26,27,28,09
8,72,01,05,10,18,22,30,09
8,73,01,09,13,22,28,33,08
8,74,01,11,15,19,20,24,09
8,75,01,08,14,18,22,30,03
8,76,02,05,07,11,13,18,11
8,77,04,12,22,26,30,33,09
8,78,06,13,16,26,30,33,01
8,79,03,04,05,10,20,32,09
8,80,04,14,22,25,29,32,14
8,81,02,12,13,18,25,31,04
8,82,04,08,10,12,21,26,09
8,83,07,08,09,18,29,32,09
8,84,04,07,13,20,29,30,16
8,85,01,04,12,20,24,29,15
8,86,04,05,10,26,27,30,12
8,87,01,07,26,29,30,31,06
8,88,01,06,08,16,17,23,05
8,89,03,06,11,16,22,27,11
8,90,02,07,14,18,19,24,01
8,91,03,12,14,23,31,32,10
8,92,01,03,18,27,28,30,05
8,93,04,10,12,16,26,28,07
8,94,01,04,15,16,23,28,14
8,95,03,08,14,21,28,29,03
8,96,06,08,12,24,27,31,14
8,97,03,06,08,09,16,17,13
8,98,06,07,10,11,15,30,01
8,99,10,15,16,22,23,24,07
8,100,08,14,17,21,27,28,14
8,101,09,17,21,26,28,30,04
8,102,03,07,12,21,25,32,05
8,103,01,12,16,18,22,33,04
8,104,03,06,08,17,24,31,01
8,105,05,17,19,27,28,32,02
8,106,14,19,25,27,29,30,15
8,107,06,13,18,22,27,32,04
8,108,09,10,15,17,23,30,12
8,109,04,07,09,16,21,28,10
8,110,10,16,22,23,29,31,02
8,111,17,18,21,25,31,32,06
8,112,05,13,14,19,22,23,06
8,113,06,09,10,12,17,22,09
8,114,04,09,20,24,25,31,14
8,115,02,12,13,14,17,18,06
8,116,03,07,21,22,24,29,14
8,117,03,05,07,10,14,33,07
8,118,04,09,16,27,31,33,01
8,119,05,07,09,15,24,29,07
8,120,10,11,22,24,26,33,02
8,121,02,22,23,27,31,32,06
8,122,02,08,11,14,19,26,15
8,123,10,11,15,16,25,29,02
8,124,01,07,10,13,21,22,03
8,125,10,11,12,15,26,29,09
8,126,04,11,12,14,20,30,13
8,127,05,08,19,22,27,30,13
8,128,01,05,19,20,27,33,05
8,129,01,03,18,24,25,32,15
8,130,01,12,18,28,30,32,06
8,131,02,12,15,18,22,32,08
8,132,09,13,16,25,27,33,08
8,133,08,11,16,19,24,26,11
8,134,10,15,19,20,28,32,02
8,135,05,14,15,16,19,21,15
8,136,05,09,10,12,18,28,02
8,137,01,04,24,28,29,33,09
8,138,07,14,19,23,25,32,04
8,139,08,09,19,23,25,26,07
8,140,07,14,16,29,30,31,14
8,141,03,13,20,25,29,33,15
8,142,05,06,10,13,17,28,15
8,143,12,17,18,19,26,27,06
8,144,02,05,10,27,29,33,15
8,145,07,13,18,22,26,29,02
8,146,07,08,17,19,31,32,10
8,147,07,08,14,22,26,33,02
8,148,03,05,09,22,26,28,09
8,149,10,14,22,28,29,33,02
8,150,04,19,22,24,29,32,02
8,151,06,08,10,14,17,19,06
8,152,01,04,06,22,26,30,08
8,153,01,04,18,21,24,30,16
8,154,02,05,07,21,22,26,08
9,1,04,21,23,24,30,31,04
9,2,10,14,17,25,29,33,14
9,3,02,03,06,15,25,30,02
9,4,03,11,13,17,28,31,03
9,5,01,03,08,15,17,21,13
9,6,06,12,18,20,26,33,02
9,7,01,05,12,23,25,26,15
9,8,04,15,16,22,32,33,02
9,9,08,15,21,30,31,33,02
9,10,03,10,17,19,20,24,02
9,11,02,04,13,14,18,23,15
9,12,05,11,14,17,18,28,01
9,13,04,08,09,21,26,27,09
9,14,03,06,09,14,15,18,02
9,15,02,04,06,15,17,32,05
9,16,02,07,13,16,20,33,03
9,17,06,14,15,19,25,26,08
9,18,02,05,06,19,27,30,15
9,19,06,17,19,20,26,27,04
9,20,03,05,07,10,19,23,13
9,21,01,04,05,17,24,27,09
9,22,05,08,09,10,11,18,08
9,23,01,06,07,15,24,30,08
9,24,01,03,17,23,30,33,12
9,25,10,20,22,23,26,33,11
9,26,11,15,17,18,20,30,16
9,27,02,07,11,16,27,32,06
9,28,03,06,12,15,23,26,10
9,29,12,13,15,22,23,29,13
9,30,08,14,24,26,28,32,07
9,31,01,02,03,15,30,33,01
9,32,09,11,12,19,27,32,06
9,33,07,08,13,14,29,30,06
9,34,09,12,18,21,22,26,07
9,35,06,15,21,26,29,31,05
9,36,06,09,18,23,32,33,07
9,37,02,06,15,18,20,31,03
9,38,12,13,15,23,28,32,05
9,39,05,12,14,15,21,27,03
9,40,04,07,10,20,26,30,12
9,41,01,08,23,26,28,33,08
9,42,08,16,22,23,27,30,11
9,43,04,09,10,15,18,26,07
9,44,11,14,16,18,26,30,01
9,45,03,04,06,23,30,32,01
9,46,16,20,21,26,29,30,09
9,47,06,08,11,15,21,22,16
9,48,03,07,11,15,17,31,01
9,49,09,12,14,20,30,31,06
9,50,13,21,24,29,30,32,04
9,51,06,10,13,16,21,23,07
9,52,09,11,15,19,21,30,08
9,53,07,12,18,19,22,28,04
9,54,16,17,23,26,31,32,11
9,55,03,04,18,22,24,29,11
9,56,04,09,10,18,29,32,08
9,57,05,07,10,14,17,25,11
9,58,05,08,10,15,23,26,09
9,59,03,07,13,23,27,30,11
9,60,07,13,17,26,32,33,04
9,61,10,11,13,16,19,30,03
9,62,10,19,20,21,23,32,10
9,63,02,05,11,26,30,32,16
9,64,01,02,14,23,28,29,15
9,65,08,12,20,22,30,33,02
9,66,02,15,19,24,31,32,04
9,67,04,10,16,23,28,30,05
9,68,06,11,18,20,25,30,05
9,69,03,05,12,18,21,23,02
9,70,01,02,09,10,21,31,10
9,71,04,05,23,26,31,32,06
9,72,01,03,12,20,21,29,04
9,73,09,16,17,18,22,27,14
9,74,05,10,16,19,23,28,13
9,75,01,13,15,17,20,30,05
9,76,09,18,19,25,28,31,06
9,77,01,09,14,16,28,32,16
9,78,05,07,12,14,15,20,13
9,79,02,09,16,21,30,31,13
9,80,01,11,13,25,32,33,06
9,81,04,05,06,25,29,30,03
9,82,11,15,18,21,27,29,02
9,83,02,08,12,18,24,28,04
9,84,04,09,11,20,32,33,13
9,85,04,08,12,17,20,30,03
9,86,11,12,13,18,23,32,11
9,87,06,11,13,20,28,32,06
9,88,04,07,11,15,16,17,02
9,89,02,03,07,11,19,32,04
9,90,07,09,14,20,23,30,14
9,91,03,08,11,14,25,29,04
9,92,02,06,07,14,18,31,08
9,93,01,11,20,31,32,33,01
9,94,03,16,22,25,26,33,14
9,95,08,09,14,28,31,33,15
9,96,01,26,27,31,32,33,03
9,97,07,13,24,26,28,32,14
9,98,03,14,15,20,23,30,02
9,99,08,09,18,20,25,29,09
9,100,02,11,17,27,30,33,11
9,101,01,02,05,10,19,24,14
9,102,03,05,07,08,14,31,10
9,103,06,11,17,20,23,24,09
9,104,20,22,26,29,30,32,16
9,105,02,08,10,16,27,30,15
9,106,01,02,15,18,20,29,04
9,107,07,08,20,23,28,29,05
9,108,04,10,17,28,32,33,02
9,109,05,06,07,14,25,28,01
9,110,04,10,13,15,19,30,14
9,111,02,04,07,14,15,25,15
9,112,06,07,18,24,30,32,09
9,113,04,12,20,25,28,29,16
9,114,03,05,11,12,31,32,11
9,115,02,09,13,15,19,24,03
9,116,05,17,21,25,27,32,14
9,117,05,09,15,21,26,31,13
9,118,12,16,25,26,27,31,05
9,119,06,07,10,12,15,21,05
9,120,01,02,08,12,16,30,16
9,121,02,04,06,10,25,30,09
9,122,07,14,16,27,29,32,01
9,123,09,13,20,22,25,28,14
9,124,03,04,22,23,28,30,10
9,125,06,07,08,22,26,27,12
9,126,03,05,06,10,19,23,15
9,127,02,11,12,14,15,16,04
9,128,05,08,15,16,26,32,01
9,129,06,07,16,17,24,25,07
9,130,02,03,07,12,13,30,11
9,131,16,23,25,26,32,33,05
9,132,04,14,15,21,23,30,07
9,133,05,09,13,18,20,32,01
9,134,03,05,12,15,28,33,06
9,135,01,03,14,19,30,33,16
9,136,01,04,14,22,30,33,01
9,137,08,12,14,15,17,21,01
9,138,04,07,14,26,32,33,14
9,139,01,05,15,17,27,29,02
9,140,04,05,11,18,22,33,12
9,141,02,13,21,28,29,31,09
9,142,07,11,15,19,20,24,13
9,143,05,09,11,17,23,28,10
9,144,01,05,10,17,18,29,12
9,145,03,05,11,15,26,33,11
9,146,03,09,16,20,22,33,15
9,147,06,08,10,18,22,32,16
9,148,06,12,15,22,29,32,10
9,149,01,03,16,18,22,29,04
9,150,04,06,07,16,19,20,04
9,151,06,08,10,16,25,30,14
9,152,03,04,19,21,27,28,05
9,153,06,07,08,20,21,25,10
9,154,01,07,12,14,18,25,16
10,1,07,17,18,27,29,32,13
10,2,03,06,07,23,30,33,13
10,3,14,22,26,27,28,31,04
10,4,01,12,13,16,23,28,07
10,5,03,05,06,08,17,18,14
10,6,03,05,07,13,14,18,05
10,7,14,22,27,28,30,33,14
10,8,05,07,13,15,18,30,14
10,9,01,09,13,21,24,32,06
10,10,07,08,12,15,22,26,08
10,11,07,08,14,22,24,30,07
10,12,02,08,13,14,25,33,10
10,13,01,02,03,16,18,23,12
10,14,01,03,07,14,26,28,02
10,15,01,04,16,21,23,28,06
10,16,02,08,10,12,30,33,16
10,17,01,03,06,11,12,23,11
10,18,11,28,29,30,32,33,02
10,19,02,10,22,24,26,27,06
10,20,05,06,14,22,24,26,09
10,21,02,09,16,17,19,25,04
10,22,01,02,18,29,31,32,02
10,23,02,09,11,22,24,27,11
10,24,07,16,26,27,29,31,14
10,25,04,05,07,10,13,25,11
10,26,02,04,05,08,19,22,12
10,27,03,04,15,25,26,30,13
10,28,01,03,06,12,16,32,12
10,29,01,05,14,16,17,22,03
10,30,03,06,10,16,25,31,05
10,31,05,07,13,24,25,28,04
10,32,08,18,21,28,29,33,08
10,33,08,10,11,12,25,29,09
10,34,06,11,13,22,25,32,12
10,35,09,10,11,18,19,21,10
10,36,06,13,14,28,29,30,08
10,37,03,16,19,21,24,26,06
10,38,01,06,07,11,13,16,01
10,39,08,17,21,23,25,32,12
10,40,12,19,24,25,30,32,11
10,41,03,05,13,19,25,29,12
10,42,03,06,11,20,31,32,10
10,43,04,10,19,22,28,33,04
10,44,03,09,21,23,27,31,05
10,45,02,03,04,13,20,29,01
10,46,11,12,21,23,27,32,05
10,47,03,10,13,20,21,32,15
10,48,01,06,08,10,23,33,02
10,49,01,06,10,26,27,28,02
10,50,07,21,22,26,28,30,11
10,51,04,17,23,27,28,32,03
10,52,01,02,19,23,27,29,10
10,53,03,22,24,27,28,30,14
10,54,01,06,08,12,14,25,06
10,55,02,03,13,19,20,23,08
10,56,01,02,03,08,13,32,07
10,57,05,11,12,19,25,32,05
10,58,01,04,11,17,19,29,12
10,59,01,09,11,12,18,30,10
10,60,01,08,15,18,22,27,09
10,61,02,04,16,19,22,26,12
10,62,11,13,15,20,31,33,03
10,63,02,06,10,17,23,24,03
10,64,08,14,25,26,30,31,11
10,65,02,07,08,17,30,32,12
10,66,01,03,21,22,31,32,07
10,67,01,07,10,14,21,25,01
10,68,03,13,18,20,23,28,13
10,69,12,14,20,22,24,32,11
10,70,08,13,23,27,31,33,07
10,71,05,13,14,17,20,26,01
10,72,06,08,22,23,30,31,01
10,73,01,16,20,23,27,31,02
10,74,02,10,17,18,19,29,15
10,75,05,09,12,13,15,22,14
10,76,01,12,14,29,31,32,15
10,77,02,08,14,20,21,24,09
10,78,01,03,09,11,17,23,12
10,79,08,11,12,14,18,22,02
10,80,08,10,13,14,16,23,16
10,81,02,03,09,24,26,27,05
10,82,01,08,13,14,27,31,02
10,83,02,20,21,22,23,31,12
10,84,02,10,14,18,20,30,03
10,85,01,08,12,13,24,27,08
10,86,05,21,28,29,30,31,08
10,87,01,08,16,17,25,30,10
10,88,05,06,15,23,27,30,12
10,89,07,08,09,16,23,26,01
10,90,01,06,10,15,25,31,14
10,91,06,13,16,20,22,24,16
10,92,03,13,19,27,28,30,02
10,93,09,10,19,28,32,33,06
10,94,03,05,07,27,31,32,10
10,95,09,11,16,17,25,27,14
10,96,07,12,21,23,24,28,03
10,97,10,16,18,21,24,26,01
10,98,01,03,08,16,29,33,07
10,99,03,04,17,24,27,30,06
10,100,01,06,12,22,23,26,08
10,101,04,09,18,21,25,26,06
10,102,04,11,16,20,22,29,10
10,103,06,09,14,17,20,33,09
10,104,07,17,23,24,27,32,02
10,105,01,08,09,19,21,31,11
10,106,02,06,08,15,26,29,16
10,107,08,12,15,17,22,33,16
10,108,02,04,08,20,23,24,07
10,109,04,15,18,25,29,32,15
10,110,01,03,12,24,26,27,01
10,111,04,07,08,13,17,18,10
10,112,01,08,18,24,29,30,16
10,113,05,10,15,18,20,28,10
10,114,01,08,11,15,17,25,01
10,115,01,22,24,25,29,33,15
10,116,05,09,10,20,22,26,07
10,117,01,08,20,22,24,28,01
10,118,05,08,11,13,15,25,05
10,119,07,17,25,27,30,31,09
10,120,01,02,05,06,10,29,16
10,121,08,11,13,18,25,30,15
10,122,02,09,12,16,25,27,06
10,123,06,12,15,18,29,32,10
10,124,02,06,08,11,12,25,02
10,125,06,07,13,23,28,29,09
10,126,03,13,18,20,27,28,05
10,127,01,04,08,17,25,33,01
10,128,04,11,19,20,24,28,12
10,129,04,08,14,25,28,32,16
10,130,01,02,07,15,21,31,16
10,131,05,06,15,16,19,26,06
10,132,02,10,12,18,24,33,15
10,133,03,09,17,21,26,32,01
10,134,09,15,16,22,27,28,06
10,135,04,10,13,25,26,30,10
10,136,04,10,23,24,26,33,10
10,137,07,09,10,13,19,33,06
10,138,01,21,23,24,26,30,05
10,139,11,13,18,20,26,31,09
10,140,01,12,13,18,26,29,15
10,141,02,03,07,18,23,27,06
10,142,02,16,18,23,26,27,10
10,143,09,16,18,26,30,31,14
10,144,02,03,08,15,19,21,11
10,145,03,21,24,27,28,31,08
10,146,01,17,18,22,25,32,01
10,147,02,08,15,18,24,30,03
10,148,01,03,07,18,23,27,12
10,149,02,07,08,16,25,30,09
10,150,02,17,18,23,29,30,06
10,151,02,13,14,17,19,26,14
10,152,04,09,17,21,25,31,01
10,153,03,06,12,19,30,31,13
11,1,03,09,20,24,26,32,10
11,2,06,08,12,17,28,33,05
11,3,13,14,21,22,23,27,04
11,4,04,06,08,10,13,26,05
11,5,06,09,12,14,20,22,13
11,6,01,03,05,13,16,18,05
11,7,01,09,17,24,26,31,05
11,8,10,12,13,17,24,31,15
11,9,17,18,23,24,25,26,04
11,10,01,04,05,09,15,19,13
11,11,01,12,18,19,21,24,10
11,12,07,08,11,13,15,26,13
11,13,01,03,13,16,21,22,08
11,14,05,07,10,11,23,26,16
11,15,03,06,13,26,27,29,07
11,16,03,04,16,17,22,29,13
11,17,02,06,15,23,26,33,08
11,18,13,15,18,28,30,33,01
11,19,02,04,12,19,32,33,16
11,20,12,16,17,19,24,30,05
11,21,01,02,14,18,25,31,08
11,22,02,07,14,16,17,21,05
11,23,02,03,06,21,22,25,05
11,24,05,07,10,19,26,31,14
11,25,08,25,26,31,32,33,09
11,26,07,08,17,19,21,26,12
11,27,13,18,21,22,25,26,01
11,28,01,04,05,14,16,17,01
11,29,01,04,09,10,20,31,07
11,30,02,09,19,24,25,33,10
11,31,16,17,24,28,29,32,12
11,32,03,05,07,13,14,15,15
11,33,02,08,12,13,19,29,04
11,34,13,14,17,19,24,31,08
11,35,13,14,18,20,27,31,02
11,36,02,11,20,22,24,31,05
11,37,01,03,04,06,17,25,11
11,38,02,14,15,19,23,24,12
11,39,03,07,10,16,24,29,13
11,40,05,11,14,24,26,28,13
11,41,04,10,12,13,30,32,13
11,42,05,13,15,17,19,21,15
11,43,04,13,14,17,25,31,04
11,44,03,14,16,26,27,31,09
11,45,02,16,17,20,26,32,08
11,46,09,17,18,26,29,30,08
11,47,04,13,23,25,27,33,14
11,48,10,14,18,25,26,27,15
11,49,01,11,17,18,27,31,14
11,50,04,05,19,22,28,29,15
11,51,01,07,11,14,15,16,14
11,52,04,05,08,19,27,28,08
11,53,03,06,10,12,22,30,15
11,54,08,11,16,17,22,33,08
11,55,08,13,16,17,29,32,16
11,56,13,16,19,20,23,25,10
11,57,04,06,20,21,26,33,02
11,58,07,18,22,30,32,33,06
11,59,24,26,27,29,31,33,16
11,60,10,11,13,21,27,31,01
11,61,02,03,08,13,19,21,03
11,62,04,08,09,10,29,30,03
11,63,04,06,13,15,18,19,05
11,64,03,06,07,29,30,33,02
11,65,04,16,23,25,27,29,03
11,66,04,06,14,17,30,32,12
11,67,17,19,20,24,25,27,12
11,68,03,07,10,15,19,24,10
11,69,02,13,16,18,24,30,12
11,70,01,03,05,12,21,28,12
11,71,01,02,15,22,28,30,02
11,72,01,06,10,11,18,27,12
11,73,03,04,05,12,17,21,14
11,74,02,21,26,28,29,32,01
11,75,07,09,10,12,31,32,13
11,76,06,19,21,26,32,33,13
11,77,01,07,08,15,26,29,10
11,78,03,05,13,20,22,29,09
11,79,03,14,15,16,24,29,05
11,80,02,07,09,25,31,32,09
11,81,06,14,19,23,25,32,12
11,82,07,16,17,20,25,26,04
11,83,07,16,18,24,28,29,06
11,84,09,10,12,16,18,32,15
11,85,03,06,11,21,24,31,10
11,86,06,07,09,12,17,24,09
11,87,02,03,04,05,18,28,01
11,88,03,09,17,20,21,29,04
11,89,01,02,11,24,29,30,12
11,90,02,05,14,18,21,25,16
11,91,09,15,21,23,28,30,03
11,92,05,10,17,26,31,32,04
11,93,04,07,11,13,23,30,09
11,94,09,11,12,17,18,19,05
11,95,03,07,08,10,23,24,05
11,96,01,04,07,13,14,19,15
11,97,09,17,19,20,21,26,16
11,98,03,07,20,21,22,32,05
11,99,10,12,13,21,26,27,14
11,100,07,11,21,23,31,32,05
11,101,06,10,19,23,29,31,06
11,102,01,05,13,21,27,31,11
11,103,04,05,10,13,15,16,12
11,104,09,10,16,20,25,29,09
11,105,04,06,23,25,27,28,01
11,106,02,11,12,14,24,32,14
11,107,04,09,16,17,22,29,15
11,108,02,17,22,26,29,33,10
11,109,01,03,09,15,16,33,15
11,110,12,14,21,26,28,33,12
11,111,01,03,05,20,25,27,04
11,112,03,05,16,18,23,24,15
11,113,06,10,11,25,32,33,05
11,114,01,14,15,16,30,32,09
11,115,07,08,09,12,17,33,16
11,116,01,07,11,12,17,27,05
11,117,08,10,19,26,28,30,04
11,118,05,06,11,14,20,21,10
11,119,09,12,14,19,28,32,01
11,120,04,14,17,28,30,33,07
11,121,04,14,22,25,32,33,02
11,122,10,12,18,26,27,31,03
11,123,01,04,05,14,19,28,16
11,124,09,18,19,26,31,32,16
11,125,03,10,15,24,27,32,08
11,126,03,07,13,18,23,26,16
11,127,16,19,22,23,27,29,11
11,128,09,11,14,17,19,23,12
11,129,07,10,11,21,23,26,06
11,130,07,14,18,23,25,32,15
11,131,02,07,09,17,21,25,01
11,132,02,05,12,13,25,33,07
11,133,12,14,20,21,25,31,16
11,134,01,02,06,07,30,31,10
11,135,12,13,17,20,25,26,12
11,136,02,04,06,20,22,31,07
11,137,02,11,18,23,30,33,13
11,138,01,05,15,24,28,32,07
11,139,08,20,24,27,30,31,03
11,140,04,18,20,22,27,29,06
11,141,02,04,06,19,24,29,11
11,142,12,15,16,26,29,31,02
11,143,07,08,12,14,15,30,16
11,144,01,02,09,10,16,24,03
11,145,02,04,14,15,26,30,04
11,146,11,23,26,28,32,33,10
11,147,04,08,12,17,18,30,10
11,148,05,14,22,23,25,26,14
11,149,04,05,06,07,23,31,16
11,150,08,10,12,15,22,27,13
11,151,07,11,16,19,31,33,10
11,152,04,10,11,12,21,26,13
11,153,05,08,09,10,20,25,13
12,1,01,04,05,09,15,17,06
12,2,02,03,07,09,10,32,13
12,3,03,06,08,24,29,31,09
12,4,01,05,10,11,21,23,16
12,5,07,09,18,27,31,33,06
12,6,02,22,25,29,32,33,08
12,7,10,17,19,27,28,32,04
12,8,01,12,20,23,24,29,08
12,9,04,16,24,26,27,33,11
12,10,01,03,13,19,25,26,10
12,11,04,14,15,16,20,26,05
12,12,15,17,18,20,23,27,01
12,13,06,08,24,29,30,32,13
12,14,01,02,05,16,28,30,12
12,15,01,03,06,10,21,23,15
12,16,02,05,12,17,22,25,08
12,17,06,09,14,19,25,28,10
12,18,03,05,06,22,26,32,15
12,19,07,14,18,20,22,30,16
12,20,03,08,12,18,23,29,11
12,21,01,15,16,18,22,30,03
12,22,04,08,12,24,26,27,04
12,23,05,09,15,23,24,33,02
12,24,04,12,19,21,25,28,13
12,25,03,08,09,17,25,27,06
12,26,03,07,09,15,24,25,16
12,27,04,16,22,25,30,31,12
12,28,10,15,20,21,28,30,11
12,29,04,07,15,25,26,28,03
12,30,09,10,17,18,21,31,08
12,31,04,16,22,24,27,31,03
12,32,01,02,10,17,22,24,04
12,33,02,03,15,16,17,27,04
12,34,02,03,08,23,32,33,16
12,35,09,11,12,21,24,26,05
12,36,02,11,13,18,19,26,09
12,37,05,14,19,24,28,33,09
12,38,09,10,11,15,19,33,16
12,39,01,02,05,13,22,29,08
12,40,03,08,09,22,25,31,10
12,41,08,11,15,20,24,32,02
12,42,05,06,11,19,24,28,16
12,43,02,09,11,21,26,33,03
12,44,06,09,10,14,22,25,03
12,45,08,11,20,21,27,30,09
12,46,04,12,19,20,23,33,06
12,47,06,07,11,16,32,33,11
12,48,01,05,14,22,24,30,10
12,49,04,12,13,19,20,32,02
12,50,07,13,15,17,19,24,11
12,51,02,12,14,17,30,31,09
12,52,02,03,05,06,20,24,04
12,53,04,15,22,25,27,33,04
12,54,06,14,18,20,30,33,14
12,55,04,06,13,20,24,28,01
12,56,04,07,14,17,26,31,10
12,57,03,05,19,21,27,31,04
12,58,03,06,15,20,25,26,04
12,59,04,13,21,22,26,31,01
12,60,07,10,13,16,17,29,01
12,61,03,08,11,12,14,18,14
12,62,02,13,16,17,20,31,07
12,63,02,10,17,19,24,27,12
12,64,05,10,11,16,23,24,11
12,65,08,10,18,19,27,31,14
12,66,01,02,09,26,29,33,12
12,67,04,05,10,21,26,30,16
12,68,05,17,22,26,32,33,10
12,69,08,10,11,18,20,29,06
12,70,02,03,04,24,31,32,11
12,71,03,04,19,21,22,23,08
12,72,02,03,07,09,13,30,06
12,73,04,07,09,10,17,27,05
12,74,15,16,18,19,28,32,08
12,75,04,06,22,23,29,32,11
12,76,11,18,22,27,29,30,15
12,77,02,04,13,18,26,28,12
12,78,08,15,22,24,28,33,12
12,79,06,07,12,24,30,33,12
12,80,04,09,14,15,16,27,03
12,81,02,05,10,24,25,29,06
12,82,02,04,11,18,22,29,06
12,83,04,09,14,15,26,33,04
12,84,02,10,20,26,28,29,14
12,85,05,17,24,30,31,33,05
12,86,08,09,13,15,22,23,08
12,87,03,10,11,13,14,22,09
12,88,03,05,23,24,27,31,15
12,89,03,07,10,13,14,25,11
12,90,02,13,20,25,29,30,11
12,91,01,05,07,08,19,21,16
12,92,06,13,17,18,28,32,03
12,93,03,05,19,21,24,33,13
12,94,06,09,14,16,23,33,15
12,95,17,24,27,28,29,30,02
12,96,04,07,11,16,29,33,07
12,97,05,08,13,14,19,22,06
12,98,02,12,19,26,29,31,09
12,99,08,12,15,16,21,27,16
12,100,05,07,15,18,25,33,10
12,101,09,12,17,18,20,33,02
12,102,13,25,27,28,29,30,15
12,103,04,09,11,14,32,33,02
12,104,04,05,09,10,19,28,03
12,105,06,13,14,15,17,30,04
12,106,13,14,20,22,23,32,16
12,107,11,12,15,24,25,31,09
12,108,01,09,12,13,19,28,13
12,109,02,12,24,26,29,31,03
12,110,03,07,10,13,22,32,09
12,111,02,09,10,20,22,31,13
12,112,08,15,20,21,27,31,06
12,113,03,06,09,13,18,32,06
12,114,01,06,11,26,27,29,15
12,115,03,08,20,24,26,32,14
12,116,03,21,26,29,31,32,03
12,117,13,15,18,20,24,28,09
12,118,05,06,07,12,15,28,11
12,119,12,20,25,26,27,28,13
12,120,01,04,20,24,28,29,16
12,121,01,07,08,20,23,24,11
12,122,12,13,19,22,28,29,11
12,123,08,10,16,25,28,33,09
12,124,06,07,21,25,27,33,11
12,125,08,12,13,26,29,33,01
12,126,03,05,12,15,23,24,07
12,127,01,09,11,21,26,32,08
12,128,05,09,12,29,30,31,05
12,129,01,07,09,17,21,29,01
12,130,01,03,15,20,22,31,03
12,131,06,18,19,26,28,32,12
12,132,07,12,16,17,21,25,10
12,133,01,08,11,20,21,29,02
12,134,02,05,06,07,13,23,15
12,135,02,05,07,08,11,17,16
12,136,02,07,08,17,21,28,11
12,137,01,02,04,06,13,17,07
12,138,01,07,16,17,19,21,14
12,139,08,19,21,24,28,31,15
12,140,14,18,27,30,31,33,15
12,141,03,05,08,19,20,27,09
12,142,05,18,22,28,29,31,06
12,143,07,08,18,25,30,32,06
12,144,03,10,12,13,27,30,04
12,145,05,20,26,27,28,33,03
12,146,01,05,07,13,29,32,13
12,147,02,12,15,23,24,32,09
12,148,03,06,11,17,21,31,07
12,149,01,05,13,25,26,32,13
12,150,09,11,17,23,24,26,07
12,151,05,14,24,25,26,32,01
12,152,10,12,18,22,28,29,07
12,153,04,05,11,21,27,28,10
12,154,05,07,12,16,28,32,04
13,1,06,08,14,15,24,25,06
13,2,01,16,18,22,28,30,12
13,3,22,23,26,27,28,33,09
13,4,06,10,16,20,27,32,08
13,5,01,13,14,25,31,32,12
13,6,09,10,13,17,22,30,13
13,7,02,09,15,22,26,32,01
13,8,03,08,17,21,25,32,15
13,9,01,04,09,13,16,23,02
13,10,01,09,11,17,32,33,12
13,11,03,12,17,24,27,29,09
13,12,06,14,17,22,28,29,02
13,13,05,06,13,19,22,28,09
13,14,02,04,05,17,19,20,08
13,15,05,06,07,11,13,18,15
13,16,02,05,06,12,14,28,05
13,17,04,06,12,30,31,32,09
13,18,02,08,13,28,29,30,05
13,19,01,02,05,16,20,26,06
13,20,01,07,08,12,16,21,01
13,21,01,06,17,19,26,31,11
13,22,02,04,07,09,15,20,07
13,23,03,06,15,18,30,32,05
13,24,04,05,13,23,27,30,09
13,25,16,17,18,24,25,30,08
13,26,04,11,14,15,22,31,11
13,27,01,02,04,12,21,24,12
13,28,07,08,14,25,26,28,13
13,29,06,07,10,19,23,29,12
13,30,07,14,18,25,26,29,06
13,31,03,13,14,15,21,33,03
13,32,04,21,25,29,30,33,03
13,33,05,06,13,17,19,28,01
13,34,06,15,20,22,26,33,09
13,35,01,14,15,17,26,30,02
13,36,04,05,09,27,29,31,13
13,37,02,15,18,27,28,32,14
13,38,09,10,12,14,15,19,11
13,39,01,02,14,15,24,29,06
13,40,02,04,10,12,17,30,10
13,41,02,10,12,17,23,24,05
13,42,01,08,12,13,15,33,03
13,43,03,06,14,15,17,25,16
13,44,03,05,11,18,26,28,06
13,45,06,07,08,14,23,31,12
13,46,03,16,19,20,24,26,06
13,47,01,08,11,17,27,30,12
13,48,10,13,17,28,30,32,04
13,49,10,13,14,16,21,32,14
13,50,03,07,13,18,22,25,03
13,51,08,12,15,19,28,29,02
13,52,06,07,14,21,22,24,13
13,53,03,12,13,22,30,33,14
13,54,03,04,08,14,21,28,14
13,55,08,18,19,22,27,32,06
13,56,03,12,25,26,28,29,16
13,57,13,16,19,23,26,28,05
13,58,08,11,17,21,23,24,05
13,59,03,10,18,24,27,29,09
13,60,05,07,10,13,19,20,15
13,61,05,06,07,12,13,18,12
13,62,01,06,07,19,22,27,02
13,63,10,15,18,20,23,31,12
13,64,01,09,13,22,25,32,12
13,65,07,18,19,23,29,30,02
13,66,01,03,16,17,20,32,07
13,67,01,04,09,15,22,30,06
13,68,02,07,13,20,25,27,06
13,69,07,16,17,18,30,33,06
13,70,02,03,09,10,28,30,06
13,71,05,12,21,23,26,28,09
13,72,02,08,11,14,19,33,09
13,73,02,09,13,17,20,28,11
13,74,03,06,08,14,19,32,03
13,75,04,06,09,25,30,33,14
13,76,14,23,24,26,29,30,03
13,77,09,14,23,24,26,29,03
13,78,03,05,17,18,26,27,15
13,79,07,13,17,19,22,26,13
13,80,10,11,12,23,28,32,16
13,81,01,04,10,13,21,31,13
13,82,04,13,14,20,22,30,06
13,83,05,06,12,14,19,23,09
13,84,05,07,09,11,20,21,03
13,85,02,08,12,14,16,32,16
13,86,02,04,11,13,16,26,11
13,87,02,13,19,23,24,28,05
13,88,09,15,20,21,22,24,14
13,89,04,08,12,19,21,25,13
13,90,02,05,11,23,24,29,08
13,91,04,14,24,25,28,31,10
13,92,07,11,15,21,26,31,06
13,93,01,02,08,26,29,31,14
13,94,02,04,14,18,20,22,07
13,95,01,06,15,19,28,29,10
13,96,01,02,22,28,29,30,15
13,97,05,14,17,22,23,25,07
13,98,07,15,18,19,20,26,14
13,99,05,11,20,21,26,31,03
13,100,04,08,11,14,16,20,11
13,101,05,07,09,23,27,32,01
13,102,02,04,05,06,08,16,03
13,103,02,04,09,13,18,20,07
13,104,01,02,04,15,17,28,11
13,105,01,11,23,27,31,32,09
13,106,09,11,23,30,31,32,06
13,107,07,09,11,17,28,31,11
13,108,16,21,22,28,31,32,05
13,109,09,23,24,27,29,32,08
13,110,15,17,18,21,29,32,13
13,111,01,02,03,06,08,33,13
13,112,01,06,12,13,22,31,07
13,113,04,07,11,17,24,33,09
13,114,04,06,17,21,23,33,07
13,115,03,12,16,17,18,27,08
13,116,12,15,21,26,32,33,07
13,117,09,12,13,24,27,33,16
13,118,02,03,17,22,32,33,16
13,119,05,15,20,22,26,32,09
13,120,05,06,13,18,23,31,11
13,121,04,05,06,07,25,27,07
13,122,07,10,13,15,26,27,11
13,123,01,02,06,11,17,25,02
13,124,03,09,15,23,25,30,07
13,125,04,06,08,18,25,28,16
13,126,04,10,19,27,31,33,16
13,127,02,03,13,20,22,33,14
13,128,07,13,17,19,25,31,08
13,129,05,06,10,14,27,31,14
13,130,01,03,15,16,31,33,08
13,131,04,06,12,17,19,26,09
13,132,20,21,22,23,25,27,12
13,133,04,07,12,19,22,25,01
13,134,01,17,18,19,25,29,10
13,135,09,23,24,25,29,31,12
13,136,04,06,14,16,18,26,06
13,137,04,17,19,23,24,27,10
13,138,04,15,16,24,27,28,03
13,139,07,08,11,13,21,27,08
13,140,01,05,12,13,21,22,10
13,141,03,04,05,25,30,31,04
13,142,11,12,14,20,22,29,14
13,143,12,18,21,22,27,32,11
13,144,05,07,12,19,27,31,02
13,145,06,10,13,16,23,24,15
13,146,08,20,25,30,32,33,01
13,147,02,15,16,17,19,30,08
13,148,06,11,12,14,17,22,01
13,149,09,18,25,26,30,32,11
13,150,01,15,16,25,26,29,10
13,151,03,09,10,19,28,33,09
13,152,04,06,14,16,18,29,05
13,153,08,11,13,18,28,33,10
13,154,07,11,14,19,24,29,05
14,1,03,09,15,20,27,29,01
14,2,04,21,23,31,32,33,04
14,3,06,10,11,28,30,33,12
14,4,01,04,19,22,24,25,15
14,5,15,18,23,27,32,33,04
14,6,03,04,07,17,21,27,14
14,7,08,10,12,14,18,28,14
14,8,05,14,16,21,29,30,12
14,9,08,09,19,20,25,32,16
14,10,05,07,08,20,31,33,11
14,11,09,10,13,14,21,32,02
14,12,01,08,11,19,21,24,08
14,13,05,09,13,15,17,21,13
14,14,04,09,19,22,25,29,15
14,15,02,11,19,30,32,33,09
14,16,02,03,07,13,21,24,08
14,17,04,06,07,14,25,26,10
14,18,13,17,18,21,30,33,15
14,19,02,10,15,19,20,21,07
14,20,09,14,17,23,24,25,15
14,21,08,10,15,17,22,29,12
14,22,04,06,07,10,21,26,16
14,23,07,09,13,17,21,22,10
14,24,08,10,16,20,23,30,09
14,25,01,05,10,14,16,30,16
14,26,01,02,05,06,11,23,14
14,27,08,10,14,16,30,31,01
14,28,06,16,21,27,30,32,05
14,29,02,07,14,16,21,29,14
14,30,12,18,19,23,24,30,10
14,31,04,10,16,17,21,27,14
14,32,01,02,14,22,29,33,07
14,33,05,13,23,28,32,33,12
14,34,01,03,04,08,25,31,06
14,35,07,08,09,17,32,33,06
14,36,01,07,08,09,11,22,03
14,37,06,13,14,24,25,30,07
14,38,04,07,22,23,24,33,16
14,39,03,11,15,19,20,31,07
14,40,03,04,06,11,12,15,08
14,41,07,11,16,18,21,22,02
14,42,12,15,20,25,28,33,14
14,43,02,05,09,14,24,33,09
14,44,04,09,21,27,28,33,12
14,45,02,04,09,11,19,22,15
14,46,02,10,11,17,18,22,10
14,47,08,10,11,12,19,29,15
14,48,06,09,16,17,24,25,16
14,49,06,07,16,17,23,32,06
14,50,03,17,23,25,26,32,13
14,51,10,16,19,21,23,24,13
14,52,09,13,15,28,30,33,08
14,53,14,17,19,22,26,31,02
14,54,01,04,05,11,29,30,14
14,55,02,09,14,19,21,30,04
14,56,01,11,18,20,28,29,01
14,57,02,04,12,18,23,31,08
14,58,02,03,12,13,14,25,11
14,59,05,08,12,13,23,25,13
14,60,03,05,14,18,25,33,06
14,61,02,14,17,27,28,31,08
14,62,06,09,15,24,25,26,09
14,63,03,08,17,21,22,31,16
14,64,02,09,15,16,29,32,14
14,65,03,04,05,08,10,22,06
14,66,02,05,15,17,18,21,16
14,67,01,06,07,17,18,23,06
14,68,04,12,13,22,27,29,16
14,69,05,12,17,19,25,30,11
14,70,01,07,09,19,28,29,07
14,71,02,04,12,17,22,25,14
14,72,01,03,07,13,19,32,16
14,73,01,12,16,20,30,33,02
14,74,01,03,06,13,30,31,12
14,75,03,09,11,22,27,29,06
14,76,06,10,12,17,18,33,11
14,77,08,09,12,15,19,22,10
14,78,02,03,05,06,09,17,07
14,79,02,07,16,22,27,28,02
14,80,05,14,16,17,25,30,07
14,81,08,14,22,24,27,29,10
14,82,02,04,20,25,26,29,11
14,83,05,06,19,21,23,33,12
14,84,01,06,09,10,13,25,08
14,85,01,02,11,19,23,29,08
14,86,02,04,10,12,14,30,08
14,87,06,18,22,23,32,33,06
14,88,03,06,11,14,16,29,15
14,89,04,06,14,17,27,30,09
14,90,05,09,11,19,24,32,13
14,91,01,05,12,19,27,29,14
14,92,03,13,18,19,22,26,07
14,93,02,08,09,10,20,29,05
14,94,01,10,18,20,23,29,01
14,95,05,06,08,14,22,31,08
14,96,12,14,17,19,22,24,08
14,97,07,13,24,25,27,32,15
14,98,02,13,17,20,29,31,07
14,99,01,05,10,11,13,32,14
14,100,01,06,09,10,14,16,11
14,101,16,18,20,23,24,32,07
14,102,14,16,21,24,28,31,13
14,103,03,08,09,10,18,33,04
14,104,02,06,12,19,27,28,13
14,105,14,16,17,19,27,32,04
14,106,09,14,17,18,21,25,15
14,107,11,14,17,22,25,27,16
14,108,03,08,09,20,23,28,02
14,109,02,05,11,15,19,28,02
14,110,01,08,11,13,19,30,06
14,111,02,08,17,20,22,28,02
14,112,01,15,16,21,24,30,03
14,113,12,14,28,31,32,33,07
14,114,02,07,23,30,32,33,10
14,115,01,09,10,11,13,32,03
14,116,09,10,14,15,19,29,16
14,117,05,10,17,25,28,29,04
14,118,05,07,15,18,26,30,03
14,119,06,13,17,20,26,29,09
14,120,01,07,12,16,23,28,04
14,121,01,02,13,22,28,30,09
14,122,06,09,11,16,20,29,11
14,123,01,06,11,17,28,33,05
14,124,02,17,20,24,31,33,04
14,125,10,11,15,26,31,32,06
14,126,06,11,16,17,22,27,01
14,127,02,10,12,21,23,27,12
14,128,05,07,08,17,18,24,14
14,129,05,08,09,20,28,32,02
14,130,01,02,10,24,30,33,10
14,131,05,17,21,22,28,32,14
14,132,05,06,14,15,18,33,08
14,133,13,14,16,23,30,31,13
14,134,05,16,22,23,26,28,02
14,135,02,04,11,13,25,33,01
14,136,03,16,19,27,31,32,10
14,137,03,06,09,11,25,29,09
14,138,04,06,13,29,31,33,13
14,139,01,14,15,20,25,29,11
14,140,06,10,11,14,17,33,06
14,141,08,09,11,16,21,24,10
14,142,06,21,22,23,25,28,13
14,143,03,12,18,20,25,26,16
14,144,03,05,06,09,10,27,14
14,145,10,12,13,23,26,29,11
14,146,01,06,13,20,29,32,01
14,147,06,07,22,26,31,32,10
14,148,01,02,05,12,15,16,13
14,149,07,09,10,15,19,33,01
14,150,03,08,14,22,24,32,09
14,151,04,05,08,11,21,27,08
14,152,08,13,15,20,21,25,12
15,1,01,07,09,16,20,23,06
15,2,07,15,16,25,28,32,05
15,3,10,15,20,23,24,31,15
15,4,02,14,15,16,23,24,10
15,5,07,10,16,17,18,32,15
15,6,01,10,11,29,31,33,13
15,7,01,07,09,17,20,33,08
15,8,04,07,10,16,20,22,03
15,9,04,07,14,17,21,25,14
15,10,01,02,03,08,21,31,09
15,11,04,14,15,17,18,20,15
15,12,03,05,22,23,29,31,06
15,13,08,09,24,25,26,29,01
15,14,02,12,16,19,27,30,11
15,15,01,07,20,24,25,33,04
15,16,02,06,10,15,17,31,13
15,17,13,18,20,25,27,33,12
15,18,06,09,12,14,28,29,09
15,19,02,06,11,19,25,26,04
15,20,01,04,07,19,22,23,04
15,21,14,15,16,17,27,28,08
15,22,04,07,10,16,23,25,10
15,23,08,09,10,13,29,30,01
15,24,09,11,16,18,23,24,10
15,25,10,11,12,15,27,32,14
15,26,02,13,17,21,22,33,13
15,27,05,07,09,16,26,29,07
15,28,04,07,10,26,27,28,14
15,29,07,14,15,19,21,28,07
15,30,08,11,14,15,16,26,07
15,31,01,05,07,22,26,32,11
15,32,11,14,16,18,29,32,16
15,33,03,06,21,29,31,32,05
15,34,12,13,17,18,20,27,13
15,35,01,08,09,22,24,33,03
15,36,04,06,16,17,26,33,03
15,37,05,07,12,18,28,31,03
15,38,05,06,11,12,14,33,14
15,39,01,13,15,26,29,30,12
15,40,13,16,18,27,30,32,16
15,41,04,09,11,17,21,25,06
15,42,09,10,19,21,23,32,08
15,43,11,12,15,24,26,27,15
15,44,02,03,04,13,14,16,02
15,45,01,05,13,22,30,31,07
15,46,05,07,10,14,23,31,01
15,47,02,03,20,24,26,27,09
15,48,13,16,17,22,25,27,10
15,49,07,12,14,17,20,23,05
15,50,03,09,12,16,17,31,04
15,51,04,10,24,26,28,32,09
15,52,02,04,11,16,25,26,12
15,53,03,07,17,22,32,33,10
15,54,01,02,07,10,22,26,07
15,55,01,10,15,18,19,28,02
15,56,01,07,08,16,18,20,14
15,57,09,20,24,25,26,32,04
15,58,02,09,10,18,19,20,15
15,59,02,06,09,16,25,32,14
15,60,01,03,18,27,31,32,13
15,61,06,18,22,26,32,33,04
15,62,09,14,15,18,21,26,16
15,63,01,07,09,16,22,32,12
15,64,11,12,14,17,23,27,01
15,65,08,10,14,19,26,29,12
15,66,05,08,11,17,24,28,16
15,67,02,05,08,24,25,31,14
15,68,06,15,18,21,26,27,10
15,69,01,13,17,18,23,30,15
15,70,01,07,13,19,21,29,15
15,71,08,18,20,28,29,31,08
15,72,01,03,05,20,21,31,05
15,73,01,02,17,22,26,27,04
15,74,04,07,21,25,26,29,08
15,75,06,11,13,19,21,32,04
15,76,01,09,10,19,23,27,09
15,77,01,06,08,10,13,27,16
15,78,03,07,20,22,26,29,02
15,79,09,14,15,20,26,32,11
15,80,14,17,25,27,28,30,02
15,81,13,20,22,26,28,31,13
15,82,02,08,09,14,28,30,07
15,83,06,07,16,18,29,32,05
15,84,15,18,20,22,28,29,15
15,85,02,08,25,27,28,29,05
15,86,05,06,08,16,18,22,12
15,87,09,15,16,19,20,28,11
15,88,02,12,20,24,29,31,09
15,89,12,14,19,27,28,29,01
15,90,10,12,14,22,25,33,15
15,91,05,07,17,19,22,31,11
15,92,09,15,19,21,26,27,01
15,93,01,03,13,21,25,31,08
15,94,01,04,06,13,16,17,10
15,95,04,15,21,28,30,31,04
15,96,06,16,17,23,24,31,07
15,97,09,12,14,20,26,27,04
15,98,06,09,13,26,27,33,01
15,99,06,07,10,11,14,22,09
15,100,02,03,11,17,19,21,08
15,101,08,16,22,24,28,29,05
15,102,07,09,12,14,21,23,06
15,103,06,08,13,26,30,32,14
15,104,09,18,21,23,25,26,01
15,105,09,10,16,19,20,26,12
15,106,01,03,04,23,31,32,13
15,107,07,14,16,18,21,25,08
15,108,02,12,19,22,24,27,15
15,109,01,08,09,16,32,33,13
15,110,05,07,16,17,22,23,04
15,111,08,14,16,18,20,30,12
15,112,01,03,10,19,20,27,11
15,113,01,05,07,08,19,27,12
15,114,04,07,09,13,21,26,01
15,115,01,07,08,14,24,32,03
15,116,04,06,15,23,26,28,11
15,117,04,11,12,18,26,32,12
15,118,01,04,11,21,23,31,12
15,119,02,08,10,18,23,31,08
15,120,16,21,24,26,27,29,16
15,121,01,03,20,21,28,29,12
15,122,05,07,11,16,22,25,07
15,123,05,08,09,12,22,28,07
15,124,02,03,05,12,18,27,01
15,125,05,13,22,27,30,33,10
15,126,10,11,15,20,23,29,12
15,127,07,10,19,22,27,33,06
15,128,01,03,08,11,22,28,06
15,129,05,08,11,16,18,27,04
15,130,06,14,15,16,17,22,10
15,131,10,12,13,19,22,26,03
15,132,03,05,11,28,30,33,01
15,133,02,03,13,20,22,24,15
15,134,02,05,14,19,27,31,04
15,135,01,12,14,18,26,32,07
15,136,02,05,12,23,28,29,01
15,137,14,22,23,27,28,31,12
15,138,01,02,08,16,19,24,11
15,139,01,10,13,18,25,27,09
15,140,06,20,28,29,30,31,12
15,141,03,08,19,25,27,28,02
15,142,13,17,19,20,22,25,11
15,143,13,15,19,20,21,32,04
15,144,01,04,07,15,28,32,16
15,145,07,08,15,19,20,24,13
15,146,16,17,21,28,30,32,15
15,147,08,09,16,23,24,30,05
15,148,09,13,14,22,26,27,07
15,149,09,10,20,21,22,33,09
15,150,01,03,08,11,29,31,13
15,151,05,06,08,23,31,32,11
15,152,11,18,19,21,29,32,12
15,153,08,11,15,22,27,29,03
15,154,07,09,11,15,18,25,07
16,1,06,13,16,18,20,22,13
16,2,09,14,17,20,24,30,16
16,3,01,10,14,23,26,28,01
16,4,08,10,17,22,25,33,12
16,5,11,14,18,20,31,33,14
16,6,13,16,18,20,28,31,12
16,7,05,12,14,20,27,29,06
16,8,02,15,24,29,32,33,02
16,9,10,14,24,25,27,32,04
16,10,02,04,12,14,19,25,06
16,11,03,08,10,15,22,29,12
16,12,07,12,14,16,27,32,15
16,13,07,12,21,22,26,31,01
16,14,02,08,10,18,20,27,07
16,15,01,02,14,22,25,26,07
16,16,01,20,22,24,25,26,16
16,17,05,06,08,20,22,30,05
16,18,12,13,14,17,21,25,04
16,19,06,13,16,17,23,30,10
16,20,01,02,10,12,22,24,10
16,21,09,11,13,22,24,26,05
16,22,04,09,19,22,23,30,07
16,23,03,06,10,19,25,29,07
16,24,02,05,07,14,18,31,13
16,25,04,11,12,17,24,30,12
16,26,04,09,12,28,30,33,01
16,27,11,13,15,17,19,31,05
16,28,06,08,12,21,25,29,01
16,29,12,15,18,20,21,27,15
16,30,10,14,19,22,25,29,12
16,31,03,08,10,19,26,33,03
16,32,08,12,14,15,21,27,15
16,33,06,17,18,20,27,29,15
16,34,03,15,21,22,23,28,15
16,35,04,13,19,20,26,29,11
16,36,03,04,07,09,20,22,03
16,37,06,15,26,31,32,33,16
16,38,03,12,13,22,28,29,03
16,39,01,03,07,18,19,27,16
16,40,03,13,19,20,23,26,03
16,41,12,17,18,21,22,24,04
16,42,07,14,17,23,26,31,09
16,43,05,14,20,26,30,33,12
16,44,01,03,10,12,18,30,01
16,45,04,09,12,17,30,32,03
16,46,07,20,25,26,27,30,14
16,47,02,05,08,15,17,22,16
16,48,03,08,13,14,15,30,04
16,49,06,08,13,14,22,27,10
16,50,09,12,24,28,29,30,02
16,51,01,02,04,09,15,33,12
16,52,01,06,13,19,24,28,16
16,53,02,08,10,12,29,31,01
16,54,06,11,16,19,28,32,04
16,55,05,06,10,16,22,26,11
16,56,03,04,08,11,16,18,14
16,57,07,12,19,22,23,26,11
16,58,03,05,18,20,24,32,11
16,59,04,11,12,20,25,28,15
16,60,04,05,22,26,29,32,08
16,61,05,06,08,18,20,32,08
16,62,12,13,15,18,19,21,09
16,63,16,17,18,23,28,32,07
16,64,03,12,14,17,19,26,03
16,65,13,16,22,25,26,27,14
16,66,03,07,13,18,19,20,05
16,67,09,13,18,20,27,31,04
16,68,08,19,23,28,31,32,01
16,69,08,10,11,20,21,27,11
16,70,03,06,11,18,23,29,01
16,71,19,21,26,28,29,32,01
16,72,05,16,19,22,24,25,02
16,73,09,11,12,15,16,20,13
16,74,06,10,11,12,20,25,12
16,75,01,03,06,16,29,32,07
16,76,07,08,13,22,30,32,01
16,77,01,09,17,19,20,29,10
16,78,02,04,08,23,26,29,02
16,79,01,03,10,12,24,28,02
16,80,01,16,17,24,25,32,14
16,81,02,06,15,25,30,32,07
16,82,06,12,14,15,17,20,09
16,83,09,16,17,24,30,31,04
16,84,02,04,12,18,24,26,05
16,85,01,12,19,20,21,25,16
16,86,09,10,11,12,15,32,05
16,87,02,03,10,11,14,21,12
16,88,03,14,16,18,25,33,15
16,89,01,03,14,30,31,32,08
16,90,02,13,17,20,21,26,07
16,91,04,08,14,22,23,28,07
16,92,02,13,15,23,24,29,06
16,93,06,09,15,17,25,27,09
16,94,06,07,10,12,18,31,10
16,95,01,05,09,12,18,32,12
16,96,06,13,14,21,22,24,16
16,97,06,13,25,26,28,31,01
16,98,02,08,25,29,31,32,06
16,99,01,11,21,23,27,33,06
16,100,03,10,22,23,27,29,04
16,101,01,03,19,24,32,33,01
16,102,05,08,10,14,17,30,13
16,103,01,05,13,19,24,27,11
16,104,05,09,11,18,30,31,04
16,105,08,10,19,27,28,31,16
16,106,04,05,13,22,25,30,04
16,107,06,11,18,26,27,32,01
16,108,02,03,07,08,19,26,16
16,109,09,11,15,16,27,33,05
16,110,05,07,28,31,32,33,08
16,111,02,04,07,14,15,32,04
16,112,06,12,14,15,18,25,12
16,113,01,11,16,17,20,26,14
16,114,05,16,20,22,27,29,09
16,115,06,08,20,22,26,27,09
16,116,07,18,20,23,27,31,13
16,117,03,10,14,17,28,33,02
16,118,09,14,22,23,31,33,14
16,119,09,19,21,30,31,32,04
16,120,02,05,06,21,25,28,09
16,121,02,03,10,23,25,28,09
16,122,15,22,23,24,28,29,08
16,123,07,09,12,14,20,27,16
16,124,09,15,21,24,27,32,10
16,125,01,06,08,20,27,30,03
16,126,02,06,12,17,18,19,10
16,127,07,12,17,26,29,31,16
16,128,04,09,11,17,26,27,13
16,129,05,06,08,21,31,33,14
16,130,03,17,21,23,27,28,01
16,131,04,10,18,19,25,27,02
16,132,05,08,13,19,27,28,07
16,133,15,16,21,22,27,33,15
16,134,11,12,13,14,18,33,13
16,135,02,08,10,18,20,33,12
16,136,02,07,10,20,27,29,03
16,137,01,06,09,10,15,32,14
16,138,07,16,20,24,25,30,07
16,139,01,06,19,26,28,30,03
16,140,01,02,05,17,26,32,10
16,141,04,13,15,17,21,24,15
16,142,01,10,17,21,23,30,12
16,143,06,09,23,24,25,33,13
16,144,04,10,12,27,32,33,05
16,145,01,03,07,12,19,20,06
16,146,03,07,15,16,17,23,10
16,147,04,14,18,28,31,32,12
16,148,01,02,11,20,26,30,14
16,149,03,20,23,26,32,33,07
16,150,02,04,05,09,13,21,05
16,151,06,11,16,20,22,33,07
16,152,02,08,09,16,20,22,07
16,153,07,09,16,24,25,29,06
18,1,01,08,11,26,28,31,04
18,2,07,18,24,29,31,33,16
18,3,01,14,16,17,20,31,04
18,4,14,18,19,26,30,31,11
18,5,02,20,21,28,31,33,06
18,6,02,07,08,09,17,29,11
18,7,13,14,20,25,27,31,12
18,8,05,09,10,12,17,19,13
18,9,05,10,17,23,26,32,07
18,10,01,08,17,20,21,22,03
18,11,03,10,21,23,27,33,11
18,12,11,12,13,19,26,28,12
18,13,06,08,13,15,22,33,06
18,14,09,12,20,24,28,31,07
18,15,11,15,20,21,26,33,15
18,16,01,11,12,18,25,27,16
18,17,03,06,11,26,30,32,12
18,18,02,12,13,18,25,27,07
18,19,03,11,12,16,21,23,09
18,20,06,09,10,14,28,30,05
18,21,03,04,06,11,23,28,14
18,22,07,14,19,21,22,23,03
18,23,12,15,16,21,26,29,16
18,24,11,19,22,26,31,32,02
18,25,04,13,16,19,21,25,14
18,26,04,07,12,14,26,32,04
18,27,02,07,09,14,18,28,05
18,28,03,08,11,14,18,23,16
18,29,01,02,09,14,22,25,05
18,30,13,14,20,21,25,33,07
18,31,02,16,18,19,27,30,14
18,32,21,22,23,24,25,32,06
18,33,04,19,20,22,28,33,06
18,34,01,05,11,22,23,26,15
18,35,07,10,11,17,23,28,15
18,36,08,17,24,26,28,33,04
18,37,01,06,07,08,27,30,10
18,38,15,23,24,25,28,29,09
18,39,08,12,18,19,23,32,03
18,40,01,03,08,13,18,23,16
18,41,07,08,20,23,24,32,13
18,42,06,10,21,28,29,31,12
18,43,01,04,06,08,21,24,07
18,44,05,09,12,17,27,30,06
18,45,03,04,06,25,26,30,01
18,46,10,13,14,18,20,31,03
18,47,06,07,12,16,22,25,07
18,48,01,12,20,25,30,31,02
18,49,01,03,04,11,19,23,02
18,50,01,02,04,10,18,19,07
18,51,05,07,20,23,27,31,04
18,52,03,05,06,09,15,32,14
18,53,01,04,10,11,14,27,06
18,54,04,06,18,22,25,33,16
18,55,07,09,10,12,22,26,07
18,56,01,03,06,20,21,26,01
18,57,05,15,17,19,20,30,13
18,58,07,12,13,16,26,31,07
18,59,04,06,08,13,22,32,11
18,60,04,08,13,25,30,31,10
18,61,09,10,11,12,18,23,07
18,62,02,18,19,24,25,33,11
18,63,05,06,10,16,20,25,12
18,64,02,05,10,11,17,21,05
18,65,01,04,06,14,28,33,01
18,66,09,16,17,19,22,26,10
18,67,01,04,09,12,15,18,05
18,68,08,10,17,20,27,30,01
18,69,06,13,17,19,23,31,12
18,70,04,09,15,16,19,27,10
18,71,02,05,06,13,16,19,03
18,72,11,16,19,22,25,30,08
18,73,02,09,14,15,16,23,10
18,74,09,11,14,20,27,30,09
18,75,07,09,12,13,22,24,11
18,76,03,07,08,15,29,30,13
18,77,02,05,09,15,20,24,10
18,78,03,10,14,17,18,30,12
18,79,14,15,17,22,24,29,13
18,80,04,07,13,20,29,33,03
18,81,01,02,12,16,20,26,03
18,82,06,12,14,20,22,24,09
18,83,04,09,18,21,32,33,03
18,84,05,06,08,12,22,24,03
18,85,04,10,25,26,30,33,06
18,86,02,07,17,21,23,26,16
18,87,01,05,10,16,18,31,03
18,88,03,05,12,29,30,32,14
18,89,06,09,12,14,18,27,14
18,90,01,02,04,10,14,23,07
18,91,06,11,13,17,25,32,07
18,92,06,10,16,19,24,33,16
18,93,04,18,20,21,29,33,07
18,94,04,07,16,20,24,30,05
18,95,10,11,12,21,26,33,09
18,96,01,05,09,20,28,32,12
18,97,01,02,17,20,25,28,13
18,98,06,10,11,20,29,32,13
18,99,03,07,08,14,25,32,06
18,100,02,11,14,15,29,33,02
18,101,01,03,14,26,29,33,09
18,102,02,06,11,19,21,28,05
18,103,02,09,15,22,23,24,16
18,104,02,03,06,19,25,29,01
18,105,04,05,13,18,19,25,01
18,106,04,18,19,24,25,26,10
18,107,01,02,05,12,20,22,01
18,108,05,13,18,21,26,30,02
18,109,10,11,18,23,31,33,15
18,110,11,13,16,21,22,23,02
18,111,01,07,14,24,25,28,08
18,112,05,08,18,25,26,31,04
18,113,01,06,09,16,25,26,09
18,114,01,07,15,16,20,27,14
18,115,01,13,19,24,26,29,11
18,116,05,14,17,22,23,28,15
18,117,08,11,15,17,23,25,05
18,118,08,12,21,22,27,31,09
18,119,03,13,14,16,25,27,12
18,120,03,04,18,26,27,33,01
18,121,06,08,14,19,23,25,11
18,122,05,07,20,22,30,32,10
18,123,13,21,24,27,31,32,01
18,124,09,13,14,19,22,25,02
18,125,03,10,11,14,15,32,02
18,126,01,06,08,09,14,22,05
18,127,02,05,06,07,11,15,12
18,128,06,07,08,19,22,23,02
18,129,02,04,06,16,18,19,16
18,130,05,12,17,18,24,28,12
18,131,21,22,24,31,32,33,01
18,132,01,02,09,10,15,22,06
18,133,02,04,11,12,18,32,13
18,134,03,16,18,31,32,33,12
18,135,01,03,06,10,11,29,16
18,136,10,12,15,25,26,27,14
18,137,03,05,11,15,20,23,09
18,138,01,10,25,27,30,32,09
18,139,11,18,20,23,31,32,15
18,140,01,15,20,22,25,28,14
18,141,11,14,16,18,24,33,04
18,142,05,08,10,11,27,28,11
18,143,04,06,15,28,32,33,14
18,144,08,13,17,18,20,27,13
18,145,03,09,13,22,23,25,06
18,146,02,10,11,17,18,29,16
18,147,03,15,17,23,27,30,11
18,148,03,06,18,19,21,31,01
18,149,01,07,08,10,12,24,01
18,150,06,08,15,19,20,31,05
18,151,05,15,19,25,26,29,15
18,152,04,14,16,23,28,29,03
18,153,01,07,17,23,25,31,11
18,154,06,10,13,15,32,33,15
19,1,06,10,13,15,32,33,15
19,2,04,05,06,08,09,18,11
19,3,13,17,20,21,22,27,01
19,4,08,12,16,19,26,32,03
19,5,21,22,26,28,31,32,07
19,6,01,05,10,19,26,28,12
19,7,06,10,14,15,19,23,15
19,8,02,06,09,13,28,32,12
19,9,01,07,10,22,31,32,15
19,10,02,04,05,08,11,30,02
19,11,10,13,19,21,24,30,07
19,12,07,10,21,23,31,33,14
19,13,05,07,14,16,18,21,01
19,14,01,02,03,14,19,33,03
19,15,11,15,16,20,24,31,04
19,16,05,07,09,11,19,25,05
19,17,04,05,24,28,30,33,09
19,18,04,11,18,19,26,32,04
19,19,03,11,17,18,24,25,06
19,20,02,12,13,23,27,28,12
19,21,02,05,07,08,20,27,04
19,22,03,07,11,21,30,33,07
19,23,01,10,14,15,18,31,13
19,24,01,08,23,25,28,29,10
19,25,15,16,21,27,30,33,04
19,26,03,13,15,19,20,27,14
19,27,02,06,08,10,11,17,13
19,28,04,19,22,26,29,30,11
19,29,08,11,17,23,32,33,10
19,30,04,05,07,10,12,22,16
19,31,03,13,15,18,21,33,16
19,32,04,08,09,13,28,33,04
19,33,09,15,19,21,23,29,15
19,34,09,11,15,22,24,26,03
19,35,01,05,07,09,10,20,16
19,36,02,10,13,16,23,32,08
19,37,01,07,12,14,18,25,10
19,38,09,12,21,27,29,30,05
19,39,06,07,11,14,27,32,08
19,40,05,06,09,18,23,31,11
19,41,02,09,13,23,24,26,16
19,42,15,17,19,22,25,26,04
19,43,01,06,12,13,24,32,13
19,44,06,14,16,17,23,29,07
19,45,01,06,17,19,27,31,14
19,46,02,12,16,22,25,32,06
19,47,03,11,18,25,30,33,14
19,48,03,07,10,12,18,29,10
19,49,03,10,13,22,23,28,15
19,50,04,06,10,11,21,23,02
19,51,08,09,10,13,15,28,09
19,52,03,06,09,13,16,19,16
19,53,04,16,22,25,29,31,08
19,54,07,10,11,15,24,26,11
19,55,01,06,11,15,19,31,10
19,56,13,14,17,19,21,29,01
19,57,04,05,06,08,13,18,16
19,58,07,08,12,21,23,27,12
19,59,04,05,07,09,16,18,06
19,60,03,04,14,20,23,27,01
19,61,03,17,19,24,27,31,12
19,62,07,13,16,23,26,30,01
19,63,01,14,19,22,29,31,16
19,64,12,20,24,25,30,33,12
19,65,06,09,11,15,20,26,10
19,66,01,14,17,20,22,32,04
19,67,04,06,08,11,30,33,11
19,68,03,14,20,24,26,33,10
19,69,06,11,16,19,21,25,01
19,70,06,15,18,19,24,32,09
19,71,01,08,19,24,29,30,04
19,72,02,09,13,15,22,30,15
19,73,01,02,06,12,16,18,08
19,74,12,21,27,29,31,33,04
19,75,05,08,20,22,31,33,03
19,76,12,15,19,20,29,32,14
19,77,09,11,13,18,21,22,15
19,78,01,17,27,29,31,33,12
19,79,01,03,06,09,19,31,16
19,80,03,06,08,20,24,32,07
19,81,05,24,27,29,31,32,10
19,82,07,16,19,22,24,28,02
19,83,06,15,17,26,28,31,03
19,84,04,08,14,18,20,27,03
19,85,01,04,14,18,24,29,04
19,86,16,22,24,26,28,31,06
